#Parameters = {mesh_cpw=10; sigma_z=3; wakelength=200; xbeam=0; xtest=0; ybeam=0; ytest=0}
#"Frequency / GHz"	"Z (sigma_z=3) [Magnitude]"
#---------------------------------------------
0.0000000000000	59.376428345654
0.034130482038120	67.844640372479
0.068260964076239	88.444376257584
0.10239144611436	114.65940818946
0.13652192815248	143.22829924083
0.17065241019060	172.74223014391
0.20478289222872	202.52327231003
0.23891337426684	232.19159063275
0.27304385630496	261.50216783241
0.30717433834308	290.27773464170
0.34130482038120	318.37857847820
0.37543530241931	345.68784327931
0.40956578445743	372.10390665185
0.44369626649555	397.53623111882
0.47782674853367	421.90302623094
0.51195723057179	445.12990241463
0.54608771260991	467.14908995720
0.58021819464803	487.89898992618
0.61434867668615	507.32392402651
0.64847915872427	525.37400466705
0.68260964076239	542.00507707100
0.71674012280051	557.17870309228
0.75087060483863	570.86216713637
0.78500108687675	583.02849124395
0.81913156891487	593.65645064561
0.85326205095299	602.73058388208
0.88739253299111	610.24119346450
0.92152301502923	616.18433435369
0.95565349706735	620.56178847350
0.98978397910547	623.38102416777
1.0239144611436	624.65514004778
1.0580449431817	624.40279311120
1.0921754252198	622.64811138203
1.1263059072579	619.42059165089
1.1604363892961	614.75498320500
1.1945668713342	608.69115874581
1.2286973533723	601.27397401042
1.2628278354104	592.55311795894
1.2969583174485	582.58295577476
1.3310887994867	571.42236736880
1.3652192815248	559.13458460008
1.3993497635629	545.78703104968
1.4334802456010	531.45116894358
1.4676107276391	516.20235874896
1.5017412096773	500.11973811504
1.5358716917154	483.28612824717
1.5700021737535	465.78797755332
1.6041326557916	447.71535454967
1.6382631378297	429.16200461038
1.6723936198679	410.22548821418
1.7065241019060	391.00742180509
1.7406545839441	371.61384598451
1.7747850659822	352.15574884423
1.8089155480203	332.74977347426
1.8430460300585	313.51913536786
1.8771765120966	294.59476265517
1.9113069941347	276.11664112034
1.9454374761728	258.23528236271
1.9795679582109	241.11311530467
2.0136984402491	224.92539983143
2.0478289222872	209.85995063319
2.0819594043253	196.11454582624
2.1160898863634	183.89048293305
2.1502203684015	173.38063258566
2.1843508504396	164.75106633391
2.2184813324778	158.11745721367
2.2526118145159	153.52084439660
2.2867422965540	150.91036976570
2.3208727785921	150.14044341784
2.3550032606302	150.98505325607
2.3891337426684	153.16497311464
2.4232642247065	156.37912886155
2.4573947067446	160.33186581640
2.4915251887827	164.75174118256
2.5256556708208	169.40151727554
2.5597861528590	174.08135014467
2.5939166348971	178.62771381722
2.6280471169352	182.91016425247
2.6621775989733	186.82734245084
2.6963080810114	190.30300616721
2.7304385630496	193.28246322063
2.7645690450877	195.72953411885
2.7986995271258	197.62404417417
2.8328300091639	198.95978810724
2.8669604912020	199.74289073221
2.9010909732402	199.99048597511
2.9352214552783	199.72964223628
2.9693519373164	198.99646928156
3.0034824193545	197.83534770728
3.0376129013926	196.29822545009
3.0717433834308	194.44392658708
3.1058738654689	192.33741620213
3.1400043475070	190.04896237966
3.1741348295451	187.65313413519
3.2082653115832	185.22757485455
3.2423957936214	182.85149799065
3.2765262756595	180.60386927361
3.3106567576976	178.56127103401
3.3447872397357	176.79549091114
3.3789177217738	175.37093659212
3.4130482038120	174.34204178209
3.4471786858501	173.75088179194
3.4813091678882	173.62524222441
3.5154396499263	173.97736635751
3.5495701319644	174.80354116046
3.5837006140025	176.08457838486
3.6178310960407	177.78712916361
3.6519615780788	179.86566679814
3.6860920601169	182.26490641076
3.7202225421550	184.92241207394
3.7543530241931	187.77116724881
3.7884835062313	190.74193796706
3.8226139882694	193.76532227589
3.8567444703075	196.77343924147
3.8908749523456	199.70125751454
3.9250054343837	202.48759430111
3.9591359164219	205.07583192288
3.9932663984600	207.41440441873
4.0273968804981	209.45710465821
4.0615273625362	211.16325649583
4.0956578445743	212.49778898767
4.1297883266125	213.43124214214
4.1639188086506	213.93972691233
4.1980492906887	214.00485650983
4.2321797727268	213.61366168484
4.2663102547649	212.75849927705
4.3004407368031	211.43696092514
4.3345712188412	209.65178714422
4.3687017008793	207.41079085552
4.4028321829174	204.72679371204
4.4369626649555	201.61757804399
4.4710931469937	198.10585678228
4.5052236290318	194.21926311776
4.5393541110699	189.99036068322
4.5734845931080	185.45667339483
4.6076150751461	180.66073134044
4.6417455571843	175.65012469368
4.6758760392224	170.47755084559
4.7100065212605	165.20082992412
4.7441370032986	159.88284974634
4.7782674853367	154.59138244528
4.8123979673749	149.39869186670
4.8465284494130	144.38082563659
4.8806589314511	139.61646428490
4.9147894134892	135.18519265535
4.9489198955273	131.16508210784
4.9830503775654	127.62954446156
5.0171808596036	124.64355330738
5.0513113416417	122.25951842664
5.0854418236798	120.51330342258
5.1195723057179	119.42101845642
5.1537027877560	118.97721253476
5.1878332697942	119.15488728538
5.2219637518323	119.90739624702
5.2560942338704	121.17190254105
5.2902247159085	122.87378665952
5.3243551979466	124.93131087685
5.3584856799848	127.25994877986
5.3926161620229	129.77599872924
5.4267466440610	132.39932534789
5.4608771260991	135.05524922408
5.4950076081372	137.67570932548
5.5291380901754	140.19986304022
5.5632685722135	142.57428614034
5.5973990542516	144.75291015739
5.6315295362897	146.69680276720
5.6656600183278	148.37386645522
5.6997905003660	149.75850574060
5.7339209824041	150.83129438788
5.7680514644422	151.57866068891
5.8021819464803	151.99259989872
5.8363124285184	152.07041707060
5.8704429105566	151.81449983878
5.9045733925947	151.23211834082
5.9387038746328	150.33524784936
5.9728343566709	149.14040834035
6.0069648387090	147.66851381688
6.0410953207472	145.94472246631
6.0752258027853	143.99827644606
6.1093562848234	141.86231713090
6.1434867668615	139.57365796981
6.1776172488996	137.17249281430
6.2117477309378	134.70201307435
6.2458782129759	132.20790310119
6.2800086950140	129.73768107335
6.3141391770521	127.33985423675
6.3482696590902	125.06286495786
6.3824001411283	122.95382006856
6.4165306231665	121.05702196848
6.4506611052046	119.41235535999
6.4847915872427	118.05362433951
6.5189220692808	117.00697278218
6.5530525513189	116.28954534918
6.5871830333571	115.90854588548
6.6213135153952	115.86081807733
6.6554439974333	116.13301252713
6.6895744794714	116.70232724616
6.7237049615095	117.53773356236
6.7578354435477	118.60154456324
6.7919659255858	119.85115921231
6.8260964076239	121.24082277599
6.8602268896620	122.72327520086
6.8943573717001	124.25120159958
6.9284878537383	125.77844176779
6.9626183357764	127.26095104349
6.9967488178145	128.65752952856
7.0308792998526	129.93035082673
7.0650097818907	131.04532705793
7.0991402639289	131.97234666295
7.1332707459670	132.68541788355
7.1674012280051	133.16274567946
7.2015317100432	133.38676446990
7.2356621920813	133.34414416841
7.2697926741195	133.02578282970
7.3039231561576	132.42679590934
7.3380536381957	131.54650956831
7.3721841202338	130.38846347202
7.4063146022719	128.96042693091
7.4404450843101	127.27443076673
7.4745755663482	125.34681568763
7.5087060483863	123.19829588179
7.5428365304244	120.85403358336
7.5769670124625	118.34371602333
7.6110974945007	115.70161985722
7.6452279765388	112.96663923805
7.6793584585769	110.18224167242
7.7134889406150	107.39630061323
7.7476194226531	104.66073638395
7.7817499046912	102.03088036467
7.8158803867294	99.564467133631
7.8500108687675	97.320164647302
7.8841413508056	95.355585353049
7.9182718328437	93.724792002815
7.9524023148818	92.475422897569
7.9865327969200	91.645696407191
8.0206632789581	91.261674936653
8.0547937609962	91.335220090777
8.0889242430343	91.863009324855
8.1230547250724	92.826805982187
8.1571852071106	94.194929716142
8.1913156891487	95.924647736194
8.2254461711868	97.965074327029
8.2595766532249	100.26015508009
8.2937071352630	102.75139944545
8.3278376173012	105.38015832538
8.3619680993393	108.08937248835
8.3960985813774	110.82481300865
8.4302290634155	113.53588925324
8.4643595454536	116.17611989001
8.4984900274918	118.70335986580
8.5326205095299	121.07986234133
8.5667509915680	123.27223697260
8.6008814736061	125.25134915835
8.6350119556442	126.99219090916
8.6691424376824	128.47374331250
8.7032729197205	129.67884288678
8.7374034017586	130.59405887051
8.7715338837967	131.20958507888
8.8056643658348	131.51914785640
8.8397948478730	131.51993044206
8.8739253299111	131.21251342972
8.9080558119492	130.60083071543
8.9421862939873	129.69214019937
8.9763167760254	128.49700840952
9.0104472580636	127.02930800773
9.0445777401017	125.30622669278
9.0787082221398	123.34828517207
9.1128387041779	121.17936044349
9.1469691862160	118.82670837341
9.1810996682541	116.32097619567
9.2152301502923	113.69619078819
9.2493606323304	110.98970214941
9.2834911143685	108.24205331406
9.3176215964066	105.49673834048
9.3517520784447	102.79980005646
9.3858825604829	100.19921126383
9.4200130425210	97.743980988783
9.4541435245591	95.482936692191
9.4882740065972	93.463160457010
9.5224044886353	91.728106758325
9.5565349706735	90.315500580035
9.5906654527116	89.255196452836
9.6247959347497	88.567248845043
9.6589264167878	88.260472736255
9.6930568988259	88.331736202387
9.7271873808641	88.766121243401
9.7613178629022	89.537940084785
9.7954483449403	90.612447370834
9.8295788269784	91.947989039554
9.8637093090165	93.498299846281
9.8978397910547	95.214698291474
9.9319702730928	97.048004415967
9.9661007551309	98.950092052021
10.000231237169	100.87505993742
10.034361719207	102.78005523591
10.068492201245	104.62580836452
10.102622683283	106.37694509106
10.136753165321	108.00213752081
10.170883647360	109.47414571061
10.205014129398	110.76979024591
10.239144611436	111.86988546729
10.273275093474	112.75915413848
10.307405575512	113.42613743033
10.341536057550	113.86310897200
10.375666539588	114.06599804526
10.409797021626	114.03432438994
10.443927503665	113.77114519572
10.478057985703	113.28301336969
10.512188467741	112.57994482478
10.546318949779	111.67539109885
10.580449431817	110.58621187739
10.614579913855	109.33263976583
10.648710395893	107.93822677984
10.682840877931	106.42975839727
10.716971359970	104.83711666511
10.751101842008	103.19306901783
10.785232324046	101.53295472579
10.819362806084	99.894237337525
10.853493288122	98.315890802972
10.887623770160	96.837591445753
10.921754252198	95.498700131658
10.955884734236	94.337040878966
10.990015216274	93.387514011510
11.024145698313	92.680620747714
11.058276180351	92.241014628575
11.092406662389	92.086222619381
11.126537144427	92.225683631892
11.160667626465	92.660227282229
11.194798108503	93.382062221293
11.228928590541	94.375272628052
11.263059072579	95.616751308221
11.297189554618	97.077445865652
11.331320036656	98.723771191602
11.365450518694	100.51904764217
11.399581000732	102.42485205635
11.433711482770	104.40220681880
11.467841964808	106.41257002827
11.501972446846	108.41862065990
11.536102928884	110.38485366606
11.570233410923	112.27801160456
11.604363892961	114.06738362938
11.638494374999	115.72500199265
11.672624857037	117.22576277505
11.706755339075	118.54749300444
11.740885821113	119.67098167115
11.775016303151	120.57998796654
11.809146785189	121.26123659440
11.843277267227	121.70440727145
11.877407749266	121.90212347442
11.911538231304	121.84994399308
11.945668713342	121.54635978416
11.979799195380	120.99279786479
12.013929677418	120.19363341973
12.048060159456	119.15621081018
12.082190641494	117.89087364733
12.116321123532	116.41100340444
12.150451605571	114.73306503521
12.184582087609	112.87665656386
12.218712569647	110.86455739169
12.252843051685	108.72276687317
12.286973533723	106.48052028665
12.321104015761	104.17026344364
12.355234497799	101.82755980046
12.389364979837	99.490895380485
12.423495461876	97.201338083799
12.457625943914	95.002001099533
12.491756425952	92.937258548682
12.525886907990	91.051669914788
12.560017390028	89.388593545913
12.594147872066	87.988512320226
12.628278354104	86.887155477403
12.662408836142	86.113570405973
12.696539318180	85.688358155178
12.730669800219	85.622312394650
12.764800282257	85.915673666046
12.798930764295	86.558125697105
12.833061246333	87.529537647657
12.867191728371	88.801331732457
12.901322210409	90.338266801911
12.935452692447	92.100396343177
12.969583174485	94.044982353608
13.003713656524	96.128205597799
13.037844138562	98.306583401469
13.071974620600	100.53806883401
13.106105102638	102.78284982605
13.140235584676	105.00389195650
13.174366066714	107.16727794340
13.208496548752	109.24239563025
13.242627030790	111.20201937741
13.276757512828	113.02232081294
13.310887994867	114.68283603351
13.345018476905	116.16640864445
13.379148958943	117.45912184615
13.413279440981	118.55022807149
13.447409923019	119.43208123390
13.481540405057	120.10007417861
13.515670887095	120.55258217353
13.549801369133	120.79091199585
13.583931851172	120.81925517574
13.618062333210	120.64464309440
13.652192815248	120.27690077931
13.686323297286	119.72859529864
13.720453779324	119.01497356089
13.754584261362	118.15388303334
13.788714743400	117.16566740248
13.822845225438	116.07302756583
13.856975707477	114.90083670172
13.891106189515	113.67589675730
13.925236671553	112.42662290225
13.959367153591	111.18264284552
13.993497635629	109.97430004950
14.027628117667	108.83205448646
14.061758599705	107.78578221396
14.095889081743	106.86398585844
14.130019563781	106.09294155285
14.164150045820	105.49582249006
14.198280527858	105.09185255391
14.232411009896	104.89555232711
14.266541491934	104.91614107726
14.300671973972	105.15715011952
14.334802456010	105.61628531654
14.368932938048	106.28555191076
14.403063420086	107.15162786076
14.437193902125	108.19644756368
14.471324384163	109.39794065500
14.505454866201	110.73086282707
14.539585348239	112.16765722411
14.573715830277	113.67929390361
14.607846312315	115.23604803580
14.641976794353	116.80819186193
14.676107276391	118.36658856254
14.710237758430	119.88318669190
14.744368240468	121.33142122692
14.778498722506	122.68653173383
14.812629204544	123.92581021780
14.846759686582	125.02879155260
14.880890168620	125.97739861385
14.915020650658	126.75605286357
14.949151132696	127.35175951867
14.983281614734	127.75417481272
15.017412096773	127.95566135630
15.051542578811	127.95133626807
15.085673060849	127.73911558265
15.119803542887	127.31975740735
15.153934024925	126.69690533397
15.188064506963	125.87713263698
15.222194989001	124.86998670976
15.256325471039	123.68803189865
15.290455953078	122.34688727037
15.324586435116	120.86525376555
15.358716917154	119.26492253220
15.392847399192	117.57075291552
15.426977881230	115.81060460700
15.461108363268	114.01520398788
15.495238845306	112.21792016691
15.529369327344	110.45442242310
15.563499809382	108.76218902889
15.597630291421	107.17983956741
15.631760773459	105.74627101902
15.665891255497	104.49959404404
15.700021737535	103.47589090948
15.734152219573	102.70784900568
15.768282701611	102.22335920892
15.802413183649	102.04419844006
15.836543665687	102.18493082713
15.870674147726	102.65215360363
15.904804629764	103.44417946372
15.938935111802	104.55119181129
15.973065593840	105.95584572922
16.007196075878	107.63423110930
16.041326557916	109.55707795464
16.075457039954	111.69107300153
16.109587521992	114.00016914769
16.143718004031	116.44679685659
16.177848486069	118.99292023141
16.211978968107	121.60091192973
16.246109450145	124.23424581496
16.280239932183	126.85802266049
16.314370414221	129.43935300517
16.348500896259	131.94762417450
16.382631378297	134.35467753317
16.416761860335	136.63491894982
16.450892342374	138.76538150198
16.485022824412	140.72575543698
16.519153306450	142.49839677550
16.553283788488	144.06832288810
16.587414270526	145.42320092296
16.621544752564	146.55333306317
16.655675234602	147.45164115360
16.689805716640	148.11365216056
16.723936198679	148.53748511594
16.758066680717	148.72383956457
16.792197162755	148.67598500471
16.826327644793	148.39975032116
16.860458126831	147.90351170184
16.894588608869	147.19817695022
16.928719090907	146.29716341429
16.962849572945	145.21636590858
16.996980054984	143.97410998386
17.031110537022	142.59108468990
17.065241019060	141.09024760326
17.099371501098	139.49669342064
17.133501983136	137.83747598613
17.167632465174	136.14137245110
17.201762947212	134.43857769464
17.235893429250	132.76031760636
17.270023911288	131.13837189135
17.304154393327	129.60450125077
17.338284875365	128.18978055661
17.372415357403	126.92384908867
17.406545839441	125.83410059672
17.440676321479	124.94484870349
17.474806803517	124.27651499224
17.508937285555	123.84489547486
17.543067767593	123.66056342841
17.577198249632	123.72846098359
17.611328731670	124.04771802360
17.645459213708	124.61171651672
17.679589695746	125.40839470864
17.713720177784	126.42076289852
17.747850659822	127.62758479398
17.781981141860	129.00416831165
17.816111623898	130.52320787223
17.850242105937	132.15562563581
17.884372587975	133.87136945046
17.918503070013	135.64013788039
17.952633552051	137.43201519585
17.986764034089	139.21801000868
18.020894516127	140.97049949453
18.055024998165	142.66358669434
18.089155480203	144.27338152240
18.123285962241	145.77821733554
18.157416444280	147.15881479640
18.191546926318	148.39840379378
18.225677408356	149.48281275904
18.259807890394	150.40053311747
18.293938372432	151.14276501299
18.328068854470	151.70344893679
18.362199336508	152.07928651257
18.396329818546	152.26975243804
18.430460300585	152.27709842761
18.464590782623	152.10634890619
18.498721264661	151.76528712317
18.532851746699	151.26442925080
18.566982228737	150.61698286927
18.601112710775	149.83878501061
18.635243192813	148.94821364622
18.669373674851	147.96606521402
18.703504156889	146.91538959375
18.737634638928	145.82127302705
18.771765120966	144.71055909036
18.805895603004	143.61149828561
18.840026085042	142.55331849306
18.874156567080	141.56571180708
18.908287049118	140.67823843479
18.942417531156	139.91965544753
18.976548013194	139.31718694318
19.010678495233	138.89576183022
19.044808977271	138.67725469838
19.078939459309	138.67977241763
19.113069941347	138.91703243487
19.147200423385	139.39787680354
19.181330905423	140.12595820694
19.215461387461	141.09962121017
19.249591869499	142.31198547367
19.283722351538	143.75122028674
19.317852833576	145.40098432628
19.351983315614	147.24099330307
19.386113797652	149.24767238759
19.420244279690	151.39485008201
19.454374761728	153.65445458149
19.488505243766	155.99718110535
19.522635725804	158.39310749387
19.556766207842	160.81224411192
19.590896689881	163.22501176025
19.625027171919	165.60264732935
19.659157653957	167.91754120209
19.693288135995	170.14351306105
19.727418618033	172.25603407507
19.761549100071	174.23240377010
19.795679582109	176.05188955191
19.829810064147	177.69583611402
19.863940546186	179.14775103509
19.898071028224	180.39337188850
19.932201510262	181.42071924037
19.966331992300	182.22013904947
20.000462474338	182.78433722194
20.034592956376	183.10840841509
20.068723438414	183.18986061417
20.102853920452	183.02863650287
20.136984402491	182.62713218630
20.171114884529	181.99021337549
20.205245366567	181.12522867356
20.239375848605	180.04201908303
20.273506330643	178.75292224707
20.307636812681	177.27276921167
20.341767294719	175.61887061965
20.375897776757	173.81098819643
20.410028258795	171.87128615281
20.444158740834	169.82425572535
20.478289222872	167.69660455579
20.512419704910	165.51710109012
20.546550186948	163.31636284931
20.580680668986	161.12657658099
20.614811151024	158.98113834626
20.648941633062	156.91420302758
20.683072115100	154.96013610220
20.717202597139	153.15286628893
20.751333079177	151.52514608751
20.785463561215	150.10773808950
20.819594043253	148.92855739688
20.853724525291	148.01181292847
20.887855007329	147.37720055475
20.921985489367	147.03920632420
20.956115971405	147.00657634078
20.990246453443	147.28200005285
21.024376935482	147.86203644691
21.058507417520	148.73729034509
21.092637899558	149.89282244529
21.126768381596	151.30875602018
21.160898863634	152.96102864643
21.195029345672	154.82223072215
21.229159827710	156.86247376878
21.263290309748	159.05023901209
21.297420791787	161.35316807848
21.331551273825	163.73877032155
21.365681755863	166.17503327221
21.399812237901	168.63093266983
21.433942719939	171.07684590699
21.468073201977	173.48487750093
21.502203684015	175.82910774919
21.536334166053	178.08577654838
21.570464648092	180.23341398718
21.604595130130	182.25292822953
21.638725612168	184.12765974057
21.672856094206	185.84340932897
21.706986576244	187.38844594413
21.741117058282	188.75349876487
21.775247540320	189.93173688553
21.809378022358	190.91873885150
21.843508504396	191.71245340695
21.877638986435	192.31315206955
21.911769468473	192.72337351581
21.945899950511	192.94785922291
21.980030432549	192.99347934886
22.014160914587	192.86914742988
22.048291396625	192.58572212635
22.082421878663	192.15589395793
22.116552360701	191.59405474802
22.150682842740	190.91614736719
22.184813324778	190.13949335648
22.218943806816	189.28259616407
22.253074288854	188.36491808850
22.287204770892	187.40662963648
22.321335252930	186.42833091675
22.355465734968	185.45074593189
22.389596217006	184.49439220074
22.423726699045	183.57923000987
22.457857181083	182.72429766756
22.491987663121	181.94734127676
22.526118145159	181.26444955743
22.560248627197	180.68970589538
22.594379109235	180.23487082044
22.628509591273	179.90910829228
22.662640073311	179.71876833342
22.696770555349	179.66723664421
22.730901037388	179.75485894631
22.765031519426	179.97894415304
22.799162001464	180.33384639931
22.833292483502	180.81112188577
22.867422965540	181.39975281462
22.901553447578	182.08642776247
22.935683929616	182.85586588347
22.969814411654	183.69117145545
23.003944893693	184.57420542644
23.038075375731	185.48596163177
23.072205857769	186.40693700131
23.106336339807	187.31748710901
23.140466821845	188.19816058707
23.174597303883	189.03000803455
23.208727785921	189.79486294667
23.242858267959	190.47559378630
23.276988749998	191.05632757459
23.311119232036	191.52264629326
23.345249714074	191.86175799419
23.379380196112	192.06264484443
23.413510678150	192.11619044426
23.447641160188	192.01528868715
23.481771642226	191.75493622249
23.515902124264	191.33231026551
23.550032606302	190.74683309338
23.584163088341	190.00022408518
23.618293570379	189.09653960945
23.652424052417	188.04220043445
23.686554534455	186.84600562821
23.720685016493	185.51913112249
23.754815498531	184.07511023475
23.788945980569	182.52979248524
23.823076462607	180.90127603485
23.857206944646	179.20980805613
23.891337426684	177.47764641674
23.925467908722	175.72887533191
23.959598390760	173.98916730638
23.993728872798	172.28548396429
24.027859354836	170.64570952082
24.061989836874	169.09821294731
24.096120318912	167.67133854212
24.130250800950	166.39282972897
24.164381282989	165.28919733603
24.198511765027	164.38505092689
24.232642247065	163.70241917862
24.266772729103	163.26009173734
24.300903211141	163.07301916798
24.335033693179	163.15180837458
24.369164175217	163.50234742486
24.403294657255	164.12558597540
24.437425139294	165.01748619968
24.471555621332	166.16914576472
24.505686103370	167.56708093460
24.539816585408	169.19364626364
24.573947067446	171.02755910835
24.608077549484	173.04449312882
24.642208031522	175.21770504057
24.676338513560	177.51866241034
24.710468995599	179.91764614708
24.744599477637	182.38430830683
24.778729959675	184.88817283530
24.812860441713	187.39907313675
24.846990923751	189.88752543395
24.881121405789	192.32504061694
24.915251887827	194.68437972919
24.949382369865	196.93975959738
24.983512851903	199.06701562047
25.017643333942	201.04372863932
25.051773815980	202.84932232725
25.085904298018	204.46513684687
25.120034780056	205.87448373527
25.154165262094	207.06268619632
25.188295744132	208.01710824630
25.222426226170	208.72717550750
25.256556708208	209.18438988282
25.290687190247	209.38233987297
25.324817672285	209.31670790730
25.358948154323	208.98527573784
25.393078636361	208.38792867826
25.427209118399	207.52665923999
25.461339600437	206.40557050818
25.495470082475	205.03087939436
25.529600564513	203.41091968037
25.563731046552	201.55614450874
25.597861528590	199.47912765612
25.631992010628	197.19456252291
25.666122492666	194.71925725631
25.700252974704	192.07212376818
25.734383456742	189.27415758443
25.768513938780	186.34840444813
25.802644420818	183.31990838292
25.836774902856	180.21563452111
25.870905384895	177.06435846159
25.905035866933	173.89651235802
25.939166348971	170.74397653734
25.973296831009	167.63980450785
26.007427313047	164.61786914695
26.041557795085	161.71241918008
26.075688277123	158.95753835337
26.109818759161	156.38650549188
26.143949241200	154.03106222829
26.178079723238	151.92060642980
26.212210205276	150.08134240336
26.246340687314	148.53543214315
26.280471169352	147.30020276878
26.314601651390	146.38747109242
26.348732133428	145.80304449396
26.382862615466	145.54644672192
26.416993097505	145.61089849931
26.451123579543	145.98355857508
26.485254061581	146.64600531625
26.519384543619	147.57491668311
26.553515025657	148.74289119460
26.587645507695	150.11934617519
26.621775989733	151.67143197211
26.655906471771	153.36491002606
26.690036953809	155.16495585570
26.724167435848	157.03686232592
26.758297917886	158.94663175679
26.792428399924	160.86145610773
26.826558881962	162.75009210469
26.860689364000	164.58314286893
26.894819846038	166.33325983792
26.928950328076	167.97527917361
26.963080810114	169.48630605010
26.997211292153	170.84575872419
27.031341774191	172.03538250740
27.065472256229	173.03924194206
27.099602738267	173.84369779637
27.133733220305	174.43737401479
27.167863702343	174.81111851942
27.201994184381	174.95796074989
27.236124666419	174.87306803103
27.270255148457	174.55370223652
27.304385630496	173.99917773944
27.338516112534	173.21082127313
27.372646594572	172.19193403700
27.406777076610	170.94775614335
27.440907558648	169.48543328641
27.475038040686	167.81398529838
27.509168522724	165.94427601576
27.543299004762	163.88898358627
27.577429486801	161.66256997916
27.611559968839	159.28124799139
27.645690450877	156.76294344515
27.679820932915	154.12724952495
27.713951414953	151.39536928927
27.748081896991	148.59004131251
27.782212379029	145.73544219149
27.816342861067	142.85705835382
27.850473343106	139.98151835805
27.884603825144	137.13637588452
27.918734307182	134.34983318528
27.952864789220	131.65039529717
27.986995271258	129.06644731008
28.021125753296	126.62575091782
28.055256235334	124.35486274547
28.089386717372	122.27848562461
28.123517199410	120.41877464044
28.157647681449	118.79463126522
28.191778163487	117.42102934597
28.225908645525	116.30842373482
28.260039127563	115.46229353991
28.294169609601	114.88286568389
28.328300091639	114.56505051435
28.362430573677	114.49860131205
28.396561055715	114.66848702859
28.430691537754	115.05544660007
28.464822019792	115.63667749560
28.498952501830	116.38660312524
28.533082983868	117.27766378378
28.567213465906	118.28108262364
28.601343947944	119.36756931919
28.635474429982	120.50793693190
28.669604912020	121.67361974722
28.703735394059	122.83709004179
28.737865876097	123.97217918170
28.771996358135	125.05431313554
28.806126840173	126.06067480654
28.840257322211	126.97030612343
28.874387804249	127.76416217114
28.908518286287	128.42512829413
28.942648768325	128.93800945301
28.976779250363	129.28949941973
29.010909732402	129.46813581715
29.045040214440	129.46424562718
29.079170696478	129.26988463774
29.113301178516	128.87877336826
29.147431660554	128.28623128741
29.181562142592	127.48911058567
29.215692624630	126.48573035941
29.249823106668	125.27581177549
29.283953588707	123.86041459059
29.318084070745	122.24187527794
29.352214552783	120.42374695079
29.386345034821	118.41074125336
29.420475516859	116.20867240976
29.454605998897	113.82440367199
29.488736480935	111.26579648909
29.522866962973	108.54166282862
29.556997445011	105.66172122312
29.591127927050	102.63655729104
29.625258409088	99.477589702229
29.659388891126	96.197042830743
29.693519373164	92.807927676553
29.727649855202	89.324033054822
29.761780337240	85.759929564433
29.795910819278	82.130989468486
29.830041301316	78.453426355245
29.864171783355	74.744359283156
29.898302265393	71.021906989191
29.932432747431	67.305318506996
29.966563229469	63.615146881195
30.000693711507	59.973471947896
30.034824193545	56.404175210700
30.068954675583	52.933262625082
30.103085157621	49.589216241520
30.137215639660	46.403328129451
30.171346121698	43.409923554931
30.205476603736	40.646310232257
30.239607085774	38.152201073808
30.273737567812	35.968278486042
30.307868049850	34.133572683238
30.341998531888	32.681533335146
30.376129013926	31.635177614403
30.410259495964	31.002404138049
30.444389978003	30.773055533558
30.478520460041	30.919049294534
30.512650942079	31.397775650201
30.546781424117	32.157641152796
30.580911906155	33.144001341369
30.615042388193	34.304041561597
30.649172870231	35.589972770580
30.683303352269	36.960617926179
30.717433834308	38.381813441404
30.751564316346	39.826094553370
30.785694798384	41.272030455408
30.819825280422	42.703443486377
30.853955762460	44.108640221534
30.888086244498	45.479712104250
30.922216726536	46.811922890971
30.956347208574	48.103179739610
30.990477690613	49.353576104726
31.024608172651	50.564992286752
31.058738654689	51.740740299648
31.092869136727	52.885241909836
31.126999618765	54.003731354172
31.161130100803	55.101976924508
31.195260582841	56.186018100577
31.229391064879	57.261917112927
31.263521546917	58.335525653915
31.297652028956	59.412268870889
31.331782510994	60.496949724663
31.365912993032	61.593577248923
31.400043475070	62.705222201075
31.434173957108	63.833903089930
31.468304439146	64.980504678728
31.502434921184	66.144729907928
31.536565403222	67.325084899335
31.570695885261	68.518895434015
31.604826367299	69.722352171164
31.638956849337	70.930580991956
31.673087331375	72.137734270794
31.707217813413	73.337098613297
31.741348295451	74.521214634075
31.775478777489	75.682004630356
31.809609259527	76.810904474370
31.843739741566	77.898996630012
31.877870223604	78.937141833758
31.912000705642	79.916107613808
31.946131187680	80.826692416694
31.980261669718	81.659844643015
32.014392151756	82.406776352926
32.048522633794	83.059071785924
32.082653115832	83.608791155112
32.116783597870	84.048570434575
32.150914079909	84.371718072257
32.185044561947	84.572309744996
32.219175043985	84.645282438940
32.253305526023	84.586529299848
32.287436008061	84.392996862575
32.321566490099	84.062786442330
32.355696972137	83.595261652313
32.389827454175	82.991164196466
32.423957936214	82.252740252688
32.458088418252	81.383879876376
32.492218900290	80.390271854855
32.526349382328	79.279576230229
32.560479864366	78.061616127167
32.594610346404	76.748589337955
32.628740828442	75.355297995731
32.662871310480	73.899391145751
32.697001792518	72.401609518956
32.731132274557	70.886013662152
32.765262756595	69.380165210774
32.799393238633	67.915216369888
32.833523720671	66.525845529260
32.867654202709	65.249960318089
32.901784684747	64.128079274164
32.935915166785	63.202309121317
32.970045648823	62.514867980669
33.004176130862	62.106174603985
33.038306612900	62.012627878412
33.072437094938	62.264317909798
33.106567576976	62.882998094971
33.140698059014	63.880659027537
33.174828541052	65.258953988394
33.208959023090	67.009551501132
33.243089505128	69.115294723704
33.277219987167	71.551902002597
33.311350469205	74.289890359575
33.345480951243	77.296440677893
33.379611433281	80.537013499035
33.413741915319	83.976624649242
33.447872397357	87.580770715488
33.482002879395	91.316044634129
33.516133361433	95.150503920917
33.550263843471	99.053856877941
33.584394325510	102.99752428649
33.618524807548	106.95462220530
33.652655289586	110.89989946217
33.686785771624	114.80965311085
33.720916253662	118.66163708526
33.755046735700	122.43497341554
33.789177217738	126.11007129942
33.823307699776	129.66855661813
33.857438181815	133.09321276926
33.891568663853	136.36793265151
33.925699145891	139.47768105760
33.959829627929	142.40846644434
33.993960109967	145.14732094846
34.028090592005	147.68228752731
34.062221074043	150.00241317697
34.096351556081	152.09774728749
34.130482038120	153.95934431810
